9.99
57.0
168.0
20.5
80.0
30.0
99.0
30.0
103.49
61.0
94.5
37.0
400.0
285.0
39.0
155.0
1.99
49.0
149.0
71.0
138.25
610.0
50.0
10.0
18.5
27.0
10.5
40.0
177.5
25.0
50.0
25.0
25.0
45.0
43.0
21.05
22.5
99.0
39.0
10.5
140.0
300.0
42.0
60.0
115.0
5.5
56.0
202.5
22.0
225.0
20.5
999.99
51.0
60.0
426.0
125.5
50.0
500.0
181.5
161.49
0.99
250.0
5.5
50.0
518.0
10.0
99.0
45.0
24.99
24.99
122.5
87.0
87.0
39.0
510.0
23.4
575.0
495.0
199.0
349.99
10.5
109.5
35.0
52.0
10.5
5.5
10.5
10.5
10.5
115.0
75.0
49.99
125.5
103.5
136.0
580.0
19.99
199.0
113.0
99.0
118.0
113.0
95.0
405.0
420.0
205.0
130.0
55.0
51.0
102.0
51.5
26.0
1.25
200.0
299.0
20.5
450.0
34.0
49.99
207.5
99.0
75.0
40.0
31.0
300.0
46.0
85.0
51.0
12.5
10.5
40.0
6.0
5.5
0.99
650.0
39.0
150.0
66.0
250.0
15.0
147.0
299.99
150.0
122.0
105.0
49.99
61.0
360.0
150.0
189.0
70.0
35.0
160.0
25.0
25.0
25.0
153.0
149.0
106.0
2.25
31.0
20.5
99.99
20.0
50.0
329.99
839.99
229.99
329.99
1.0
12.5
29.99
899.99
299.99
729.99
99.99
75.0
10.5
60.0
429.0
19.5
15.0
34.0
12.5
34.99
6.5
5.5
40.0
152.5
102.5
107.5
41.0
