7
9
-1
9
-1
-1
-1
10
8
9
-1
-1
-1
-1
-1
9
9
9
-1
-1
-1
9
8
9
-1
9
-1
10
10
10
10
10
10
-1
10
10
10
9
-1
-1
3
-1
5
9
10
5
10
8
10
8
7
9
-1
9
8
10
9
9
9
7
10
10
-1
7
9
9
9
-1
9
-1
-1
10
10
9
-1
10
10
10
10
-1
10
-1
10
9
-1
-1
-1
10
10
10
-1
-1
10
-1
10
10
-1
6
5
8
9
9
7
9
9
9
-1
-1
9
10
10
9
9
9
8
8
10
9
10
9
10
10
9
10
9
10
10
10
10
10
10
9
9
9
10
10
10
9
10
10
9
9
10
10
10
10
8
8
9
10
10
9
-1
9
9
8
10
-1
4
9
9
9
7
9
9
8
9
9
9
9
9
9
-1
7
7
8
8
-1
-1
6
9
9
8
-1
8
-1
-1
-1
-1
10
10
8
-1
-1
-1
-1
-1
-1
-1
