21
528
21
807
19
455
22
593
28
1120
28
840
30
830
25
635
24
572
28
811
32
766
30
827
26
764
36
859
24
561
29
864
26
887
30
955
19
460
23
732
26
670
28
641
27
584
26
626
21
504
30
642
21
440
19
566
20
382
24
785
25
656
29
695
44
920
33
1022
22
588
29
728
20
533
27
619
31
983
25
521
23
724
30
717
24
814
24
589
22
592
27
750
24
623
23
730
25
673
25
776
28
977
24
598
26
530
17
496
33
820
27
705
22
631
24
453
28
607
31
776
26
623
24
738
25
795
29
664
31
770
27
776
26
624
25
624
23
659
31
994
35
820
35
911
35
631
26
647
23
747
30
627
12
409
26
619
25
559
20
539
25
971
29
605
25
475
29
747
17
391
26
464
28
642
30
796
30
800
24
738
22
612
31
826
26
804
25
767
24
573
36
870
22
588
24
687
30
1064
28
696
25
630
30
1162
31
770
28
697
29
806
32
1017
25
576
27
885
26
928
25
752
27
876
33
643
28
837
25
579
27
655
30
716
24
504
29
898
33
650
38
1691
24
913
32
885
23
575
31
798
24
590
30
1032
29
749
23
708
30
931
24
596
23
548
20
550
29
1009
20
500
31
792
31
773
31
735
29
687
36
742
39
1239
28
757
27
642
27
958
27
859
26
545
24
668
32
672
28
698
24
554
23
618
27
566
38
1029
25
585
22
742
22
552
25
621
25
656
28
723
26
688
26
649
26
621
29
664
36
852
35
865
29
1007
18
664
25
941
22
627
28
829
29
804
22
530
23
532
22
565
32
698
28
873
37
1223
37
855
26
617
26
721
18
539
24
538
31
746
20
459
27
809
23
596
31
572
26
639
34
997
26
628
33
992
24
646
32
794
25
663
26
850
24
692
32
975
27
573
31
952
22
758
33
915
20
460
19
572
27
553
39
1001
22
510
23
526
30
864
24
780
25
854
22
651
30
920
33
988
27
492
28
800
20
459
28
889
31
803
24
662
25
739
35
1359
23
758
28
767
27
716
25
577
32
845
32
856
33
873
25
555
24
665
24
648
18
533
28
774
27
1172
28
613
32
701
23
607
26
700
39
883
29
780
25
725
24
745
32
845
33
992
33
891
21
567
27
752
35
697
25
655
32
761
30
689
26
494
27
674
21
487
22
546
26
839
24
675
23
580
27
1034
35
605
18
539
28
688
31
782
29
604
28
833
25
627
28
659
31
552
36
856
25
712
24
790
34
513
26
621
37
901
26
417
47
1513
28
933
28
735
22
572
34
900
19
414
21
479
20
498
32
526
19
472
16
353
29
728
20
714
38
577
24
718
31
858
30
686
25
721
25
574
27
588
17
575
19
511
29
807
27
672
25
694
22
558
28
669
23
802
28
749
25
876
28
701
24
854
25
671
25
653
23
503
29
688
36
602
33
635
22
571
31
691
42
1014
25
595
2
49
25
649
23
636
34
864
23
681
19
505
25
614
29
776
25
705
27
662
33
908
46
1059
24
828
25
525
20
771
29
771
29
502
19
531
26
800
33
915
19
457
30
956
25
638
22
561
37
748
23
507
18
608
21
314
16
479
23
614
25
917
29
784
21
591
4
88
29
689
21
463
22
459
29
870
36
900
33
910
26
646
27
619
31
997
18
576
19
417
17
457
27
755
36
1433
30
1029
22
421
22
619
27
805
20
770
36
685
33
825
27
704
23
552
22
415
27
709
24
691
29
648
27
744
35
906
19
451
29
591
38
792
25
758
20
322
24
573
34
888
23
765
34
713
28
948
27
730
23
756
17
717
25
777
37
751
30
878
26
701
26
649
34
941
19
505
24
549
26
550
26
725
16
385
27
889
29
789
23
572
30
865
31
806
27
566
27
631
23
459
31
756
24
715
27
694
18
520
22
566
32
859
21
511
25
548
25
673
19
663
24
647
23
669
20
518
35
764
29
709
27
1001
32
832
30
753
25
717
27
836
24
405
24
735
25
596
38
925
30
785
27
752
33
721
22
523
27
620
30
764
28
559
31
618
21
521
25
528
27
801
37
1014
21
481
31
743
25
847
28
607
27
725
25
1047
31
1028
23
457
23
470
26
569
25
824
31
548
31
809
28
810
39
848
29
766
24
616
22
571
24
472
24
775
33
861
25
1069
23
574
33
790
26
801
24
719
29
673
27
722
26
822
22
803
29
810
22
506
26
650
24
548
46
823
23
618
22
675
32
722
26
831
31
840
38
1121
25
669
26
563
31
624
26
595
24
609
43
1106
24
658
22
503
25
720
19
516
28
537
25
744
23
705
26
772
26
720
30
859
22
505
28
832
28
641
31
889
28
810
24
797
34
686
34
1019
32
642
20
441
35
1042
28
668
23
595
30
794
32
789
24
720
27
804
18
463
34
1171
32
867
24
627
31
992
30
702
24
550
21
503
28
743
30
752
29
580
29
838
20
729
47
1174
29
923
27
703
29
610
29
675
31
1077
41
1201
34
666
36
876
24
583
27
935
27
655
21
609
29
756
37
977
30
647
22
670
22
479
32
723
19
607
27
533
20
582
40
1038
24
605
21
540
24
527
29
773
28
784
29
724
22
529
26
718
28
799
30
579
23
670
26
597
20
596
26
724
31
1183
24
506
28
570
30
739
30
744
20
739
26
752
27
587
24
501
23
945
18
451
24
618
23
600
26
591
22
554
24
529
26
805
24
597
20
520
26
566
19
642
26
628
18
774
21
656
39
721
23
642
28
1108
26
650
19
415
29
558
23
482
25
827
29
606
22
616
31
679
24
621
18
520
21
607
18
477
30
835
28
797
24
523
17
445
33
724
18
448
23
528
27
803
36
1175
28
695
20
637
28
749
29
883
21
442
30
634
21
504
22
656
25
450
23
543
27
751
21
498
34
977
32
920
35
657
26
774
35
775
22
899
29
585
27
884
37
693
21
463
27
725
25
623
22
505
23
571
28
667
37
1001
30
564
26
546
43
887
26
622
19
566
39
1359
26
776
40
1175
34
1389
24
501
34
815
36
964
28
728
24
705
31
800
21
482
33
780
29
648
26
827
25
540
32
790
31
691
29
558
29
762
33
931
20
398
24
598
29
476
25
501
30
844
27
983
23
570
26
628
25
626
24
643
43
1324
25
727
45
946
32
738
38
943
35
819
23
778
26
671
31
889
31
785
23
391
27
676
31
727
29
837
28
717
27
650
24
782
34
1360
39
983
26
628
20
527
35
901
18
569
19
552
21
397
40
1132
24
596
33
794
26
625
30
660
23
500
24
484
28
1020
38
998
22
549
32
659
29
989
22
659
28
834
36
1214
22
529
31
1060
3
72
29
861
25
672
27
857
29
763
26
658
23
574
29
992
26
698
20
480
26
679
25
734
25
601
24
757
24
682
22
586
22
530
29
705
21
623
30
813
36
857
33
687
27
570
35
930
4
157
28
840
32
867
32
794
4
98
29
893
29
633
27
811
33
957
24
663
23
831
31
838
29
830
24
484
32
838
27
800
28
757
22
483
25
536
31
663
30
818
28
676
30
596
20
532
31
1002
22
505
20
617
25
701
35
918
27
593
23
621
28
705
22
923
28
1309
26
813
3
92
22
593
21
590
24
737
24
670
24
600
40
949
20
560
30
1155
30
701
28
756
26
731
27
586
27
749
20
533
22
633
26
694
30
827
15
456
23
459
21
523
27
563
28
639
28
873
26
798
22
506
31
956
31
750
26
647
24
574
25
548
23
727
21
589
30
756
26
544
32
804
21
562
28
677
28
585
26
774
31
1206
21
629
27
753
26
623
39
1026
35
760
27
754
27
803
29
743
27
726
36
786
22
621
20
478
22
570
23
663
25
845
24
526
26
756
26
539
25
701
2
60
27
699
23
611
45
1170
41
1035
22
869
23
641
31
805
26
628
30
692
32
825
24
487
23
571
26
548
25
502
23
643
24
591
28
948
31
807
40
1122
25
808
23
479
30
544
42
1124
21
560
21
571
18
466
37
760
32
767
42
1147
26
464
28
665
23
588
27
866
30
542
28
719
21
685
34
688
24
901
28
675
26
671
22
611
32
607
29
943
22
441
21
505
27
608
30
749
23
600
22
569
27
579
20
462
27
671
24
638
22
696
29
887
22
417
37
832
28
685
37
1158
5
161
38
1144
28
551
26
690
27
515
27
627
23
624
27
701
31
913
28
916
27
669
28
661
27
835
36
1004
27
748
20
479
28
947
31
1004
24
717
25
718
30
754
21
566
33
654
28
715
23
702
25
548
19
359
27
854
28
723
25
741
24
547
26
620
21
544
30
891
45
1172
28
730
20
417
25
546
22
484
22
636
35
1128
30
978
31
897
19
382
27
822
23
643
37
943
23
574
26
900
31
695
28
854
26
570
2
61
30
953
24
645
35
929
23
589
